# Water volumes (Mm3)
2
21 0.00 0.09 0.30 0.49 0.70 0.95 1.20 1.60 2.10 2.60 3.10 3.70 4.40 5.20 5.90 6.50 7.60 8.70 9.80 10.90 12.20
13 0.00 0.20 0.45 0.67 0.95 1.30 1.50 1.76 2.10 2.40 2.80 3.20 3.70 

# Water levels (m a.sl) 
1700.00 1702.50 1705.00 1707.50 1710.00 1712.50 1715.00 1717.50 1720.00 1722.50 1725.00 1727.50 1730.00 1732.50 1735.00 1737.50 1740.00 1742.50 1745.00 1747.50 1750.00
870.00 872.50 875.00 877.50 880.00 882.50 885.00 887.50 890.00 892.50 895.00 897.50 900.00 

# Max head (m)
871.875
380





